30 39 E 1 2
11 72 G 5 1
63 60 S 3 1
49 74 S 3 1
69 70 R 2 1
36 59 E 1 1
71 48 C 2 2
46 81 C 2 2
21 37 E 1 2
82 41 R 2 1
81 58 E 1 2
89 59 E 1 1
55 98 E 1 1
61 28 H 2 2
63 8 E 1 1
68 58 H 2 2
17 98 E 1 2
18 63 G 5 1
35 53 E 1 1
27 92 E 1 2
7 13 S 3 1
47 77 F 1 3
76 66 E 1 1
70 88 S 3 1
41 18 E 1 1
59 49 S 3 1
89 43 E 1 1
41 92 H 2 2
58 46 E 1 2
72 15 C 2 2
51 48 E 1 2
60 90 S 3 1
22 24 R 2 1
20 52 E 1 1
48 79 S 3 1
25 2 E 1 2
76 18 E 1 1
39 92 F 1 3
77 83 S 3 1
54 41 H 2 2
96 71 E 1 1
40 92 F 1 3
48 81 R 2 1
10 2 F 1 3
22 23 E 1 1
18 16 E 1 1
79 64 E 1 2
36 22 C 2 2
30 77 S 3 1
1 65 E 1 1
43 64 R 2 1
65 94 F 1 3
5 40 E 1 1
67 70 R 2 1
1 83 R 2 1
98 36 F 1 3
82 21 E 1 1
74 6 E 1 1
6 93 S 3 1
29 17 R 2 1
35 41 E 1 1
56 62 R 2 1
49 5 R 2 1
25 16 R 2 1
1 85 R 2 1
53 21 C 2 2
44 55 E 1 1
27 16 C 2 2
69 16 E 1 2
69 80 E 1 2
27 82 E 1 2
7 7 E 1 2
86 28 F 1 3
61 6 E 1 1
25 71 C 2 2
67 7 E 1 1
88 72 F 1 3
52 25 R 2 1
19 86 R 2 1
19 22 F 1 3
44 35 F 1 3
70 29 R 2 1
30 98 E 1 2
30 56 C 2 2
69 5 E 1 1
11 41 H 2 2
5 94 S 3 1
72 94 R 2 1
40 1 S 3 1
68 20 E 1 1
16 55 F 1 3
24 62 C 2 2
81 79 R 2 1
67 55 E 1 1
63 18 R 2 1
26 76 R 2 1
24 37 S 3 1
29 54 R 2 1
48 37 R 2 1
80 48 R 2 1
27 78 R 2 1
88 97 H 2 2
2 70 E 1 2
36 68 E 1 1
92 29 E 1 1
52 87 R 2 1
38 14 F 1 3
62 4 F 1 3
60 55 R 2 1
84 66 F 1 3
14 95 E 1 1
93 82 F 1 3
80 33 S 3 1
42 96 E 1 1
11 4 R 2 1
57 72 G 5 1
59 62 E 1 2
55 24 C 2 2
