30 39 E 1 2
11 72 G 5 1
63 60 S 3 1
49 74 S 3 1
69 70 R 2 1
36 59 E 1 1
71 48 C 2 2
46 81 C 2 2
21 37 E 1 2
82 41 R 2 1
81 58 E 1 2
89 59 E 1 1
55 98 E 1 1
61 28 H 2 2
63 8 E 1 1
68 58 H 2 2
17 98 E 1 2
18 63 G 5 1
35 53 E 1 1
27 92 E 1 2
7 13 S 3 1
47 77 F 1 3
76 66 E 1 1
70 88 S 3 1
41 18 E 1 1
59 49 S 3 1
89 43 E 1 1
41 92 H 2 2
58 46 E 1 2
72 15 C 2 2
51 48 E 1 2
60 90 S 3 1
22 24 R 2 1
20 52 E 1 1
48 79 S 3 1
25 2 E 1 2
76 18 E 1 1
39 92 F 1 3
77 83 S 3 1
54 41 H 2 2
96 71 E 1 1
40 92 F 1 3
48 81 R 2 1
10 2 F 1 3
22 23 E 1 1
18 16 E 1 1
79 64 E 1 2
36 22 C 2 2
30 77 S 3 1
1 65 E 1 1
43 64 R 2 1
65 94 F 1 3
5 40 E 1 1
67 70 R 2 1
1 83 R 2 1
98 36 F 1 3
82 21 E 1 1
74 6 E 1 1
6 93 S 3 1
29 17 R 2 1
35 41 E 1 1
56 62 R 2 1
49 5 R 2 1
25 16 R 2 1
1 85 R 2 1
53 21 C 2 2
44 55 E 1 1
27 16 C 2 2
69 16 E 1 2
69 80 E 1 2
27 82 E 1 2
7 7 E 1 2
86 28 F 1 3
61 6 E 1 1
25 71 C 2 2
67 7 E 1 1
88 72 F 1 3
52 25 R 2 1
19 86 R 2 1
19 22 F 1 3
44 35 F 1 3
70 29 R 2 1
30 98 E 1 2
30 56 C 2 2
69 5 E 1 1
11 41 H 2 2
5 94 S 3 1
72 94 R 2 1
40 1 S 3 1
68 20 E 1 1
16 55 F 1 3
24 62 C 2 2
81 79 R 2 1
67 55 E 1 1
63 18 R 2 1
26 76 R 2 1
24 37 S 3 1
29 54 R 2 1
48 37 R 2 1
80 48 R 2 1
27 78 R 2 1
88 97 H 2 2
2 70 E 1 2
36 68 E 1 1
92 29 E 1 1
52 87 R 2 1
38 14 F 1 3
62 4 F 1 3
60 55 R 2 1
84 66 F 1 3
14 95 E 1 1
93 82 F 1 3
80 33 S 3 1
42 96 E 1 1
11 4 R 2 1
57 72 G 5 1
59 62 E 1 2
55 24 C 2 2
18 93 R 2 1
96 42 R 2 1
12 2 E 1 2
7 63 C 2 2
69 82 H 2 2
48 66 R 2 1
54 74 C 2 2
75 56 R 2 1
69 67 E 1 2
82 73 R 2 1
30 86 E 1 1
13 70 E 1 1
65 71 G 5 1
47 51 E 1 2
61 35 R 2 1
28 25 R 2 1
18 42 R 2 1
27 67 E 1 2
3 3 F 1 3
15 70 R 2 1
85 85 F 1 3
97 52 C 2 2
13 99 E 1 1
34 68 C 2 2
17 32 E 1 2
16 84 E 1 1
34 93 R 2 1
15 58 R 2 1
43 97 H 2 2
11 69 H 2 2
45 12 S 3 1
78 82 E 1 1
82 74 R 2 1
91 95 E 1 1
66 52 E 1 1
58 14 S 3 1
28 26 S 3 1
49 82 C 2 2
68 36 R 2 1
39 35 S 3 1
86 36 C 2 2
29 18 R 2 1
43 43 E 1 1
58 77 E 1 2
80 95 E 1 2
92 37 R 2 1
53 76 G 5 1
86 27 S 3 1
49 44 E 1 1
24 46 R 2 1
26 88 C 2 2
71 84 R 2 1
92 3 E 1 1
8 24 R 2 1
15 91 F 1 3
95 74 E 1 2
78 1 E 1 1
11 58 R 2 1
13 66 R 2 1
53 39 G 5 1
57 88 R 2 1
83 82 H 2 2
42 67 H 2 2
54 90 C 2 2
91 4 E 1 1
32 7 R 2 1
75 39 S 3 1
90 85 H 2 2
32 36 G 5 1
53 82 S 3 1
90 78 F 1 3
65 5 S 3 1
10 84 R 2 1
57 46 E 1 1
89 42 S 3 1
77 34 E 1 2
78 14 R 2 1
64 36 R 2 1
38 13 E 1 1
81 63 E 1 2
56 60 E 1 2
12 61 E 1 1
18 26 E 1 2
60 75 C 2 2
70 11 S 3 1
68 5 F 1 3
81 26 S 3 1
72 68 H 2 2
56 16 E 1 1
78 0 G 5 1
87 15 R 2 1
92 53 F 1 3
93 77 R 2 1
96 27 R 2 1
76 40 E 1 1
52 61 H 2 2
74 24 R 2 1
94 46 C 2 2
1 51 F 1 3
96 88 E 1 1
63 65 R 2 1
31 34 E 1 1
61 2 G 5 1
98 8 E 1 1
17 30 R 2 1
68 55 E 1 1
27 61 E 1 2
3 57 F 1 3
83 54 C 2 2
66 42 C 2 2
3 60 C 2 2
85 75 C 2 2
3 89 C 2 2
52 77 S 3 1
59 53 C 2 2
37 55 S 3 1
86 35 R 2 1
0 17 R 2 1
74 17 R 2 1
14 47 G 5 1
43 61 G 5 1
12 25 R 2 1
51 50 E 1 2
56 43 F 1 3
74 83 R 2 1
91 69 C 2 2
41 94 F 1 3
67 74 R 2 1
65 34 R 2 1
7 41 R 2 1
69 41 E 1 2
11 85 E 1 2
91 63 S 3 1
66 41 R 2 1
98 98 C 2 2
42 13 H 2 2
56 84 R 2 1
27 30 H 2 2
50 22 C 2 2
34 58 E 1 1
21 49 C 2 2
75 10 R 2 1
91 75 E 1 1
31 94 E 1 1
1 72 S 3 1
13 68 S 3 1
82 52 F 1 3
77 4 E 1 2
4 72 S 3 1
82 35 R 2 1
42 58 E 1 2
94 64 H 2 2
15 28 S 3 1
17 96 R 2 1
96 84 S 3 1
61 19 C 2 2
47 17 S 3 1
36 9 R 2 1
8 51 E 1 2
31 96 G 5 1
38 96 R 2 1
94 85 E 1 1
87 49 R 2 1
44 52 R 2 1
87 63 C 2 2
52 24 R 2 1
10 48 C 2 2
87 3 C 2 2
78 23 G 5 1
8 96 E 1 2
85 59 C 2 2
86 41 R 2 1
58 75 E 1 1
81 72 E 1 1
32 6 E 1 1
73 47 F 1 3
97 37 E 1 1
3 28 E 1 2
94 86 E 1 2
44 7 C 2 2
76 92 E 1 2
31 64 E 1 1
76 19 C 2 2
51 24 E 1 1
95 24 E 1 1
50 88 E 1 1
45 57 S 3 1
25 50 E 1 1
0 68 C 2 2
85 39 C 2 2
5 70 E 1 1
85 83 S 3 1
10 18 E 1 2
11 9 S 3 1
42 32 C 2 2
21 33 F 1 3
77 26 E 1 2
31 23 F 1 3
76 90 H 2 2
87 71 G 5 1
87 85 F 1 3
2 60 E 1 2
67 9 G 5 1
82 80 E 1 1
84 27 R 2 1
58 73 S 3 1
89 36 H 2 2
59 9 R 2 1
58 21 F 1 3
28 19 R 2 1
81 90 R 2 1
61 50 H 2 2
12 33 C 2 2
94 17 F 1 3
51 79 E 1 1
91 80 R 2 1
13 21 F 1 3
3 1 C 2 2
35 16 R 2 1
21 97 F 1 3
4 58 E 1 2
84 52 R 2 1
68 62 S 3 1
33 32 F 1 3
57 56 C 2 2
23 42 G 5 1
26 64 H 2 2
8 33 S 3 1
87 40 R 2 1
3 41 R 2 1
2 63 F 1 3
29 66 E 1 2
39 9 E 1 1
15 45 C 2 2
55 28 R 2 1
7 19 F 1 3
82 60 E 1 2
86 20 G 5 1
24 12 E 1 1
11 96 E 1 2
53 23 S 3 1
52 67 E 1 1
9 23 R 2 1
39 73 G 5 1
94 32 E 1 2
39 58 R 2 1
93 9 F 1 3
38 4 C 2 2
63 48 E 1 1
21 96 E 1 1
0 10 E 1 2
26 63 S 3 1
41 50 F 1 3
3 31 S 3 1
76 43 E 1 1
20 57 R 2 1
69 27 F 1 3
9 25 H 2 2
47 95 F 1 3
35 78 G 5 1
69 12 R 2 1
25 57 S 3 1
43 5 R 2 1
39 17 E 1 1
90 56 E 1 1
6 33 R 2 1
44 30 R 2 1
4 18 S 3 1
81 66 H 2 2
66 24 E 1 2
67 67 E 1 1
89 4 H 2 2
21 40 H 2 2
31 68 R 2 1
0 84 G 5 1
97 67 F 1 3
52 68 E 1 1
79 80 F 1 3
20 10 R 2 1
63 84 H 2 2
56 78 E 1 1
45 75 C 2 2
49 46 R 2 1
86 13 E 1 1
7 30 S 3 1
75 32 S 3 1
72 78 E 1 2
19 82 R 2 1
76 60 S 3 1
25 20 G 5 1
60 24 G 5 1
61 17 R 2 1
85 34 R 2 1
27 95 R 2 1
23 92 C 2 2
12 40 R 2 1
39 84 R 2 1
32 18 S 3 1
98 6 E 1 2
93 72 C 2 2
96 51 E 1 1
63 70 E 1 2
23 54 S 3 1
21 61 G 5 1
98 0 F 1 3
95 9 R 2 1
47 63 R 2 1
50 38 R 2 1
4 44 E 1 2
80 92 C 2 2
79 69 E 1 1
47 69 C 2 2
95 54 E 1 1
8 80 R 2 1
18 90 C 2 2
20 51 S 3 1
24 5 E 1 2
47 46 C 2 2
32 12 R 2 1
49 28 H 2 2
16 59 E 1 2
78 91 R 2 1
63 16 R 2 1
32 99 E 1 1
44 16 E 1 1
7 84 E 1 1
15 26 R 2 1
97 32 H 2 2
73 73 E 1 2
16 79 S 3 1
53 6 R 2 1
52 32 R 2 1
56 33 G 5 1
67 36 E 1 2
43 88 F 1 3
32 10 G 5 1
88 35 G 5 1
9 39 G 5 1
31 44 F 1 3
23 52 R 2 1
17 83 F 1 3
20 78 R 2 1
11 17 E 1 1
39 69 C 2 2
82 86 C 2 2
66 49 S 3 1
26 44 G 5 1
15 71 R 2 1
49 13 C 2 2
90 18 E 1 1
88 0 S 3 1
71 52 H 2 2
10 77 G 5 1
93 61 H 2 2
92 92 H 2 2
41 79 E 1 1
17 73 S 3 1
13 11 G 5 1
62 93 R 2 1
42 36 C 2 2
45 37 S 3 1
85 46 E 1 1
86 47 S 3 1
14 84 C 2 2
40 88 H 2 2
39 27 R 2 1
24 70 E 1 2
41 38 H 2 2
37 29 C 2 2
95 7 C 2 2
16 91 F 1 3
90 38 R 2 1
23 40 S 3 1
76 8 H 2 2
97 46 E 1 1
45 15 S 3 1
34 64 F 1 3
65 61 F 1 3
7 87 E 1 1
43 78 C 2 2
66 16 R 2 1
25 34 E 1 1
37 97 R 2 1
27 90 R 2 1
74 7 R 2 1
36 26 R 2 1
32 84 F 1 3
44 39 S 3 1
92 67 E 1 1
65 91 E 1 2
90 13 E 1 2
4 17 S 3 1
13 44 E 1 2
32 94 C 2 2
37 57 E 1 1
32 51 G 5 1
15 43 E 1 1
4 19 R 2 1
38 38 R 2 1
77 77 H 2 2
14 49 R 2 1
86 12 G 5 1
3 32 C 2 2
87 94 S 3 1
37 47 E 1 1
25 31 E 1 1
78 16 R 2 1
78 44 E 1 1
76 48 E 1 2
41 30 R 2 1
62 53 S 3 1
53 3 F 1 3
77 61 C 2 2
87 95 S 3 1
2 20 G 5 1
15 29 F 1 3
16 6 E 1 1
43 19 F 1 3
10 8 R 2 1
29 37 S 3 1
37 85 E 1 1
16 63 H 2 2
20 28 H 2 2
27 50 G 5 1
30 71 R 2 1
63 79 C 2 2
99 38 E 1 1
10 6 H 2 2
17 58 E 1 2
92 26 R 2 1
80 58 E 1 1
67 39 S 3 1
87 7 E 1 1
1 41 C 2 2
9 19 E 1 1
37 33 R 2 1
2 15 E 1 1
42 10 F 1 3
64 32 R 2 1
99 63 E 1 1
89 74 C 2 2
0 4 H 2 2
34 70 R 2 1
11 31 R 2 1
42 3 R 2 1
70 6 R 2 1
87 91 R 2 1
53 13 C 2 2
45 83 R 2 1
36 99 S 3 1
57 28 R 2 1
77 30 E 1 1
80 19 S 3 1
79 54 R 2 1
63 68 H 2 2
94 95 G 5 1
31 97 S 3 1
5 26 F 1 3
5 97 E 1 1
63 28 E 1 2
62 64 E 1 1
23 33 E 1 2
13 82 R 2 1
96 24 F 1 3
40 60 H 2 2
88 30 C 2 2
95 96 S 3 1
68 79 E 1 1
13 49 E 1 2
34 4 F 1 3
13 92 E 1 1
80 83 R 2 1
50 33 H 2 2
5 1 C 2 2
64 55 R 2 1
73 17 E 1 1
31 51 E 1 1
88 92 R 2 1
91 65 C 2 2
0 75 H 2 2
52 44 E 1 1
59 26 G 5 1
74 64 C 2 2
25 55 H 2 2
7 96 F 1 3
12 32 R 2 1
53 2 R 2 1
44 92 C 2 2
23 53 G 5 1
42 34 R 2 1
96 29 H 2 2
89 40 R 2 1
88 46 R 2 1
61 47 E 1 2
74 77 F 1 3
24 0 E 1 1
12 8 G 5 1
19 20 E 1 1
84 24 S 3 1
77 52 R 2 1
43 59 R 2 1
89 8 S 3 1
51 56 C 2 2
75 75 E 1 2
37 4 E 1 1
79 42 F 1 3
37 32 S 3 1
81 82 R 2 1
18 67 G 5 1
17 93 E 1 2
84 75 E 1 2
2 24 S 3 1
54 16 R 2 1
34 75 H 2 2
60 29 E 1 1
0 14 E 1 2
35 26 F 1 3
14 25 S 3 1
96 39 H 2 2
11 18 E 1 1
94 93 E 1 1
92 22 F 1 3
21 46 R 2 1
79 61 F 1 3
84 15 E 1 2
73 82 F 1 3
71 66 E 1 1
45 58 R 2 1
21 60 R 2 1
58 95 E 1 2
56 68 E 1 1
5 64 F 1 3
31 12 E 1 1
63 20 R 2 1
34 59 R 2 1
81 76 R 2 1
71 62 F 1 3
80 87 R 2 1
42 78 F 1 3
88 77 R 2 1
29 90 C 2 2
67 13 E 1 1
19 5 S 3 1
90 49 S 3 1
57 89 F 1 3
72 31 E 1 1
78 3 E 1 2
77 37 E 1 2
78 37 H 2 2
12 95 F 1 3
15 14 S 3 1
61 4 E 1 2
32 59 R 2 1
96 77 F 1 3
26 50 E 1 1
39 56 R 2 1
23 77 G 5 1
31 65 E 1 1
25 11 H 2 2
93 17 F 1 3
47 89 C 2 2
80 47 G 5 1
47 56 E 1 1
76 36 E 1 2
21 25 G 5 1
72 35 E 1 2
8 71 F 1 3
24 7 E 1 1
53 47 R 2 1
47 72 S 3 1
41 74 C 2 2
83 39 E 1 1
55 2 R 2 1
37 95 E 1 2
95 60 H 2 2
55 30 F 1 3
13 79 F 1 3
51 88 C 2 2
14 16 R 2 1
39 67 E 1 1
1 44 S 3 1
53 27 R 2 1
13 26 R 2 1
81 15 C 2 2
30 10 R 2 1
15 38 E 1 1
60 58 E 1 1
6 96 E 1 2
36 12 E 1 2
48 21 E 1 1
38 9 E 1 2
81 11 H 2 2
29 84 C 2 2
19 0 F 1 3
66 90 R 2 1
93 58 E 1 2
26 6 H 2 2
30 24 E 1 1
23 36 S 3 1
60 32 R 2 1
19 46 F 1 3
85 64 E 1 2
79 10 F 1 3
7 76 F 1 3
87 16 C 2 2
74 26 E 1 1
49 61 F 1 3
88 33 S 3 1
79 97 E 1 1
81 42 E 1 1
70 57 R 2 1
53 63 H 2 2
23 37 E 1 2
55 78 E 1 2
60 37 C 2 2
8 66 H 2 2
3 7 S 3 1
60 39 F 1 3
12 51 R 2 1
28 92 G 5 1
55 88 E 1 2
9 45 F 1 3
39 30 E 1 2
73 18 E 1 1
74 73 E 1 1
13 65 E 1 1
71 67 R 2 1
88 39 G 5 1
44 88 E 1 1
9 50 H 2 2
22 76 R 2 1
3 6 R 2 1
86 48 E 1 1
61 59 E 1 1
29 73 H 2 2
75 41 E 1 1
62 34 S 3 1
25 81 F 1 3
69 32 H 2 2
46 54 C 2 2
28 70 R 2 1
3 48 H 2 2
64 91 E 1 2
31 75 S 3 1
98 19 F 1 3
69 48 R 2 1
44 11 S 3 1
29 75 E 1 1
3 55 C 2 2
37 18 S 3 1
48 10 E 1 1
49 23 E 1 2
74 49 R 2 1
19 69 R 2 1
76 87 E 1 1
62 95 F 1 3
74 43 R 2 1
21 79 R 2 1
97 3 H 2 2
2 54 E 1 1
79 18 E 1 1
28 52 R 2 1
10 82 S 3 1
48 19 E 1 1
73 57 R 2 1
36 62 S 3 1
82 31 R 2 1
13 42 H 2 2
15 9 E 1 2
58 40 F 1 3
87 57 E 1 1
89 7 E 1 1
42 6 S 3 1
44 82 F 1 3
67 75 H 2 2
10 85 E 1 1
24 78 R 2 1
22 82 F 1 3
10 67 R 2 1
84 21 C 2 2
6 42 H 2 2
78 50 E 1 1
50 59 R 2 1
9 37 E 1 1
96 12 C 2 2
59 69 R 2 1
20 20 E 1 2
78 25 E 1 1
42 83 C 2 2
28 55 R 2 1
47 60 R 2 1
94 24 E 1 1
2 39 S 3 1
33 47 E 1 2
44 71 R 2 1
38 26 E 1 2
84 89 R 2 1
89 19 E 1 1
56 34 R 2 1
82 7 E 1 2
47 65 E 1 2
31 28 R 2 1
82 9 S 3 1
62 9 R 2 1
53 30 H 2 2
25 64 E 1 2
44 22 E 1 2
89 68 E 1 2
47 34 F 1 3
79 21 S 3 1
82 34 R 2 1
34 35 E 1 1
71 87 R 2 1
10 14 S 3 1
65 57 H 2 2
35 85 F 1 3
9 27 E 1 2
71 82 C 2 2
89 47 F 1 3
36 74 R 2 1
93 55 E 1 2
9 61 F 1 3
85 31 E 1 1
34 83 E 1 1
59 10 G 5 1
37 50 E 1 1
74 88 R 2 1
58 19 E 1 2
32 81 R 2 1
85 41 E 1 2
42 8 E 1 1
47 68 S 3 1
99 8 F 1 3
87 2 R 2 1
23 12 E 1 1
6 60 H 2 2
8 76 F 1 3
3 8 H 2 2
24 85 R 2 1
58 70 S 3 1
33 77 E 1 2
18 66 G 5 1
57 42 E 1 2
57 11 S 3 1
25 26 R 2 1
92 77 E 1 2
24 32 E 1 1
89 66 R 2 1
18 13 E 1 1
64 74 R 2 1
73 90 R 2 1
48 40 S 3 1
26 28 R 2 1
93 75 R 2 1
79 30 R 2 1
61 21 R 2 1
11 60 R 2 1
78 8 C 2 2
85 56 E 1 1
28 48 C 2 2
46 95 F 1 3
92 42 S 3 1
76 58 R 2 1
48 42 S 3 1
20 12 C 2 2
7 85 H 2 2
34 49 C 2 2
49 64 E 1 2
27 85 E 1 2
59 0 R 2 1
48 55 H 2 2
17 71 E 1 1
52 80 R 2 1
78 72 H 2 2
22 33 E 1 2
58 25 R 2 1
96 31 R 2 1
39 80 E 1 1
0 87 E 1 1
17 20 C 2 2
42 57 S 3 1
89 24 E 1 2
45 86 R 2 1
78 10 E 1 2
94 34 R 2 1
41 72 G 5 1
18 6 R 2 1
40 77 E 1 2
21 19 R 2 1
11 74 H 2 2
65 49 F 1 3
17 35 E 1 2
56 69 H 2 2
80 59 E 1 1
79 3 R 2 1
59 82 E 1 2
23 0 F 1 3
12 12 E 1 1
68 14 E 1 1
30 80 G 5 1
5 78 C 2 2
39 63 R 2 1
30 63 R 2 1
45 79 E 1 1
46 20 E 1 2
80 99 G 5 1
49 52 E 1 1
5 56 R 2 1
16 1 F 1 3
81 32 R 2 1
87 90 R 2 1
96 28 S 3 1
15 67 R 2 1
20 85 E 1 1
72 46 R 2 1
46 41 G 5 1
47 42 E 1 2
8 1 E 1 1
76 79 E 1 2
31 87 F 1 3
5 48 E 1 2
41 45 E 1 2
33 44 S 3 1
70 45 E 1 1
87 78 S 3 1
45 78 E 1 1
1 10 R 2 1
31 54 C 2 2
74 12 R 2 1
20 80 C 2 2
55 51 F 1 3
39 33 R 2 1
45 73 R 2 1
66 45 S 3 1
37 83 S 3 1
29 79 E 1 1
36 44 R 2 1
56 19 F 1 3
38 65 H 2 2
10 92 E 1 1
50 93 C 2 2
37 79 R 2 1
68 1 F 1 3
68 56 C 2 2
59 79 H 2 2
7 38 E 1 1
54 93 C 2 2
11 36 E 1 2
30 61 R 2 1
25 86 E 1 1
64 76 S 3 1
38 6 H 2 2
97 57 E 1 2
25 76 E 1 1
78 89 H 2 2
5 53 R 2 1
53 44 S 3 1
44 67 H 2 2
85 6 G 5 1
29 72 S 3 1
13 36 E 1 2
21 7 F 1 3
19 33 F 1 3
92 88 H 2 2
56 66 E 1 1
19 95 H 2 2
68 52 H 2 2
36 76 S 3 1
38 57 E 1 2
18 29 R 2 1
81 24 S 3 1
23 51 R 2 1
71 36 F 1 3
86 43 E 1 1
69 76 R 2 1
12 85 R 2 1
74 2 S 3 1
91 33 R 2 1
51 64 R 2 1
79 33 F 1 3
41 16 R 2 1
12 27 H 2 2
51 78 S 3 1
92 94 E 1 2
28 94 R 2 1
28 56 C 2 2
20 59 G 5 1
95 81 E 1 2
81 17 E 1 1
59 46 R 2 1
5 99 S 3 1
35 33 R 2 1
73 28 F 1 3
1 14 F 1 3
12 89 H 2 2
80 77 G 5 1
58 65 E 1 1
67 8 R 2 1
48 34 R 2 1
28 58 R 2 1
9 68 C 2 2
94 97 H 2 2
35 77 R 2 1
64 82 R 2 1
98 78 F 1 3
46 29 R 2 1
82 94 G 5 1
70 52 F 1 3
70 78 F 1 3
75 26 H 2 2
23 97 G 5 1
60 61 C 2 2
38 25 S 3 1
4 34 E 1 2
58 3 F 1 3
32 19 R 2 1
71 1 E 1 1
25 45 S 3 1
5 51 R 2 1
18 49 R 2 1
65 8 E 1 1
90 89 H 2 2
53 84 H 2 2
96 43 C 2 2
28 97 H 2 2
52 3 F 1 3
23 95 E 1 2
26 52 R 2 1
41 40 R 2 1
6 25 H 2 2
89 44 R 2 1
70 37 E 1 1
45 34 R 2 1
38 35 E 1 1
60 50 F 1 3
11 53 S 3 1
28 82 R 2 1
75 67 E 1 1
69 49 R 2 1
9 56 R 2 1
9 20 C 2 2
78 42 E 1 1
98 61 E 1 2
78 92 E 1 1
56 48 R 2 1
32 37 E 1 2
72 76 E 1 2
72 71 R 2 1
85 4 E 1 2
61 79 C 2 2
42 25 H 2 2
1 38 E 1 1
52 33 C 2 2
56 56 E 1 1
80 43 R 2 1
30 31 E 1 1
35 82 F 1 3
80 6 E 1 2
6 68 F 1 3
53 48 C 2 2
72 97 F 1 3
13 5 H 2 2
7 79 R 2 1
85 2 E 1 1
58 90 E 1 1
80 29 G 5 1
68 64 C 2 2
61 11 H 2 2
20 45 F 1 3
18 44 S 3 1
93 66 R 2 1
22 3 H 2 2
72 26 F 1 3
62 55 E 1 1
78 28 H 2 2
77 71 E 1 2
67 83 R 2 1
37 1 H 2 2
6 22 R 2 1
36 81 G 5 1
47 6 R 2 1
63 66 R 2 1
86 81 E 1 1
56 13 G 5 1
61 86 H 2 2
60 22 E 1 2
54 95 R 2 1
64 89 G 5 1
88 65 E 1 1
97 48 F 1 3
13 54 C 2 2
96 90 E 1 1
18 4 R 2 1
61 41 F 1 3
40 14 E 1 2
13 73 R 2 1
93 79 S 3 1
91 91 R 2 1
70 17 C 2 2
92 45 E 1 2
33 99 S 3 1
38 41 G 5 1
39 19 C 2 2
33 25 R 2 1
8 23 E 1 1
3 78 H 2 2
72 43 E 1 2
95 42 E 1 2
14 65 S 3 1
63 55 F 1 3
15 66 E 1 1
28 11 F 1 3
23 20 R 2 1
64 73 R 2 1
42 18 G 5 1
13 63 S 3 1
26 3 G 5 1
42 24 E 1 1
99 6 E 1 1
44 75 E 1 2
77 97 C 2 2
42 47 E 1 1
50 56 E 1 1
3 69 E 1 2
60 89 S 3 1
78 35 E 1 1
43 17 R 2 1
51 44 F 1 3
15 77 F 1 3
45 38 G 5 1
65 4 S 3 1
43 30 E 1 1
16 5 E 1 1
60 65 R 2 1
70 7 E 1 1
94 28 E 1 2
94 1 R 2 1
36 1 E 1 1
79 6 E 1 2
1 63 E 1 1
30 35 E 1 1
68 63 R 2 1
25 4 R 2 1
36 48 S 3 1
94 49 H 2 2
83 69 C 2 2
4 86 H 2 2
95 18 E 1 2
9 70 E 1 1
67 46 H 2 2
51 40 F 1 3
9 74 E 1 2
77 93 F 1 3
37 68 H 2 2
65 40 E 1 1
58 84 G 5 1
33 60 G 5 1
3 11 E 1 1
79 40 E 1 1
38 3 R 2 1
77 87 S 3 1
26 21 F 1 3
84 90 H 2 2
65 68 F 1 3
83 43 R 2 1
47 8 F 1 3
91 40 R 2 1
84 10 F 1 3
26 29 S 3 1
62 73 H 2 2
51 61 F 1 3
36 92 C 2 2
67 58 E 1 1
59 1 G 5 1
58 7 E 1 1
39 50 H 2 2
49 45 E 1 1
85 7 C 2 2
17 55 R 2 1
74 93 E 1 2
90 9 R 2 1
98 44 E 1 2
3 88 E 1 1
26 32 S 3 1
25 94 F 1 3
99 25 F 1 3
35 34 R 2 1
18 36 R 2 1
39 11 E 1 1
52 86 R 2 1
66 20 E 1 1
50 32 E 1 1
53 10 H 2 2
75 90 E 1 1
9 10 C 2 2
83 36 F 1 3
74 69 S 3 1
47 44 R 2 1
88 10 R 2 1
97 64 E 1 2
54 72 H 2 2
87 82 S 3 1
85 17 E 1 2
39 34 E 1 1
43 0 R 2 1
83 45 S 3 1
70 95 C 2 2
25 15 S 3 1
1 59 E 1 1
33 63 R 2 1
7 48 R 2 1
18 71 S 3 1
89 52 H 2 2
48 25 E 1 1
77 67 C 2 2
7 44 F 1 3
67 68 E 1 2
22 74 H 2 2
21 14 F 1 3
86 88 E 1 2
22 44 R 2 1
15 36 E 1 1
6 29 F 1 3
65 79 H 2 2
4 12 C 2 2
40 44 F 1 3
1 6 H 2 2
37 88 S 3 1
69 77 R 2 1
94 67 F 1 3
7 6 R 2 1
48 2 R 2 1
84 25 R 2 1
31 59 E 1 2
31 31 R 2 1
85 32 H 2 2
71 55 G 5 1
65 66 R 2 1
89 22 E 1 1
32 8 C 2 2
83 60 E 1 2
80 37 F 1 3
35 46 E 1 2
85 71 C 2 2
52 39 F 1 3
9 87 E 1 2
6 9 R 2 1
68 78 E 1 1
54 4 H 2 2
77 7 E 1 1
49 53 E 1 2
87 22 E 1 1
47 26 F 1 3
54 68 E 1 2
36 94 R 2 1
48 7 H 2 2
70 30 E 1 2
10 59 E 1 1
34 88 E 1 1
0 96 E 1 2
73 23 G 5 1
2 25 S 3 1
28 80 E 1 1
7 40 R 2 1
76 86 G 5 1
77 53 C 2 2
56 64 G 5 1
65 48 R 2 1
5 38 C 2 2
60 82 E 1 2
57 86 S 3 1
5 57 R 2 1
91 76 S 3 1
52 82 E 1 2
30 32 R 2 1
45 31 S 3 1
51 11 R 2 1
98 9 E 1 2
51 7 S 3 1
63 43 R 2 1
48 85 C 2 2
58 71 G 5 1
54 29 E 1 1
53 9 R 2 1
93 29 E 1 2
97 16 S 3 1
21 68 G 5 1
51 35 H 2 2
85 84 R 2 1
56 8 E 1 1
42 62 E 1 2
45 88 R 2 1
35 19 R 2 1
17 8 H 2 2
31 15 E 1 1
24 80 F 1 3
0 18 S 3 1
16 50 R 2 1
46 49 S 3 1
64 38 C 2 2
59 99 S 3 1
17 78 R 2 1
90 30 C 2 2
92 73 E 1 2
97 98 E 1 1
72 39 F 1 3
40 36 R 2 1
42 27 G 5 1
32 40 E 1 2
74 22 R 2 1
89 54 F 1 3
83 5 F 1 3
78 32 E 1 2
44 47 E 1 1
65 18 C 2 2
33 52 G 5 1
73 41 E 1 1
45 22 R 2 1
51 73 S 3 1
59 18 E 1 1
6 35 E 1 1
75 21 R 2 1
56 67 R 2 1
73 40 E 1 1
13 7 R 2 1
45 0 E 1 1
99 55 E 1 2
16 17 H 2 2
48 73 R 2 1
62 33 E 1 1
18 88 E 1 1
51 67 E 1 2
99 77 E 1 1
36 11 R 2 1
68 88 R 2 1
80 14 S 3 1
33 61 R 2 1
30 2 G 5 1
48 1 G 5 1
69 13 H 2 2
59 44 G 5 1
76 76 G 5 1
25 80 R 2 1
52 53 S 3 1
14 89 E 1 2
47 84 R 2 1
66 74 E 1 1
35 7 E 1 1
9 0 G 5 1
38 98 R 2 1
48 9 E 1 1
1 45 S 3 1
45 46 E 1 1
57 15 E 1 1
42 70 R 2 1
64 26 E 1 2
73 35 C 2 2
51 52 R 2 1
56 88 E 1 2
74 86 E 1 1
13 48 G 5 1
75 44 C 2 2
80 46 R 2 1
36 21 G 5 1
4 22 H 2 2
76 82 F 1 3
56 55 R 2 1
73 53 S 3 1
59 3 R 2 1
56 94 E 1 2
72 14 S 3 1
86 67 F 1 3
88 89 E 1 1
91 43 R 2 1
6 89 R 2 1
94 12 F 1 3
8 89 F 1 3
92 36 R 2 1
87 66 E 1 1
28 64 H 2 2
51 18 C 2 2
44 70 R 2 1
73 51 G 5 1
13 93 F 1 3
48 96 C 2 2
55 58 C 2 2
6 8 E 1 1
8 44 R 2 1
85 9 R 2 1
49 30 C 2 2
93 44 E 1 1
45 84 E 1 1
37 61 R 2 1
16 41 C 2 2
4 73 S 3 1
95 5 C 2 2
22 87 R 2 1
66 91 R 2 1
0 35 C 2 2
42 45 E 1 2
92 50 E 1 2
63 14 C 2 2
35 31 E 1 1
64 21 H 2 2
23 16 R 2 1
90 15 S 3 1
9 3 E 1 2
3 83 R 2 1
39 75 E 1 2
17 77 R 2 1
72 12 R 2 1
9 76 R 2 1
70 89 E 1 2
85 92 C 2 2
37 43 G 5 1
15 54 F 1 3
99 30 F 1 3
95 55 E 1 1
34 15 S 3 1
22 18 R 2 1
3 50 R 2 1
57 99 R 2 1
70 4 R 2 1
17 13 E 1 1
27 39 E 1 1
45 54 E 1 2
56 92 R 2 1
63 62 C 2 2
20 42 R 2 1
34 89 H 2 2
37 46 R 2 1
45 90 C 2 2
51 16 R 2 1
26 46 F 1 3
22 85 H 2 2
4 4 G 5 1
72 33 R 2 1
28 18 E 1 1
2 27 F 1 3
70 27 R 2 1
85 97 E 1 2
28 14 R 2 1
78 55 S 3 1
79 75 R 2 1
95 35 E 1 2
56 4 R 2 1
77 75 R 2 1
62 91 E 1 2
50 91 C 2 2
86 52 R 2 1
56 41 E 1 1
19 72 S 3 1
21 94 R 2 1
72 60 H 2 2
26 90 E 1 1
80 26 E 1 1
45 2 H 2 2
43 48 E 1 2
57 8 G 5 1
15 81 G 5 1
75 14 S 3 1
17 51 E 1 1
20 56 E 1 1
43 45 S 3 1
41 62 F 1 3
71 58 C 2 2
36 24 G 5 1
27 47 E 1 1
83 2 F 1 3
45 17 R 2 1
57 29 H 2 2
22 29 H 2 2
65 53 R 2 1
40 22 R 2 1
85 53 E 1 2
65 12 R 2 1
96 21 E 1 1
97 92 C 2 2
17 24 H 2 2
69 86 G 5 1
83 51 R 2 1
41 55 R 2 1
76 11 E 1 1
31 69 E 1 2
80 44 E 1 2
43 55 E 1 1
29 28 R 2 1
39 91 R 2 1
42 51 G 5 1
15 51 H 2 2
18 60 E 1 1
98 88 C 2 2
47 13 R 2 1
38 8 S 3 1
42 86 S 3 1
49 25 R 2 1
94 2 C 2 2
50 70 E 1 1
78 71 R 2 1
16 22 H 2 2
47 50 S 3 1
65 27 C 2 2
95 86 H 2 2
21 75 E 1 2
66 93 R 2 1
8 31 R 2 1
74 66 R 2 1
32 13 E 1 1
10 35 S 3 1
53 59 E 1 2
48 58 C 2 2
92 17 F 1 3
56 54 E 1 1
33 86 C 2 2
12 56 R 2 1
34 42 G 5 1
22 27 E 1 1
34 13 H 2 2
90 27 G 5 1
62 59 G 5 1
81 69 F 1 3
81 56 E 1 1
43 60 S 3 1
42 54 R 2 1
44 33 R 2 1
91 6 S 3 1
6 80 F 1 3
50 26 R 2 1
87 28 G 5 1
32 27 R 2 1
10 79 R 2 1
76 34 E 1 1
20 92 H 2 2
97 74 E 1 1
1 23 E 1 1
55 36 F 1 3
22 57 E 1 1
6 66 H 2 2
44 14 R 2 1
54 26 G 5 1
9 90 E 1 2
93 40 E 1 2
62 94 S 3 1
77 66 E 1 1
39 85 G 5 1
71 69 E 1 2
63 97 F 1 3
72 9 E 1 2
84 14 G 5 1
44 24 F 1 3
30 88 E 1 2
16 29 F 1 3
8 17 E 1 1
22 21 S 3 1
68 67 E 1 1
83 49 C 2 2
84 1 G 5 1
23 23 R 2 1
23 82 E 1 1
17 38 H 2 2
62 40 C 2 2
51 13 R 2 1
4 95 S 3 1
8 49 E 1 1
27 23 C 2 2
7 50 F 1 3
83 56 E 1 1
73 91 E 1 1
17 16 E 1 1
81 25 R 2 1
70 36 E 1 1
72 21 F 1 3
74 20 E 1 1
47 14 R 2 1
9 81 S 3 1
38 87 S 3 1
95 89 E 1 2
83 18 E 1 2
9 78 E 1 1
73 92 E 1 2
60 96 E 1 1
29 22 R 2 1
76 85 G 5 1
74 30 E 1 2
36 3 R 2 1
64 77 H 2 2
32 24 S 3 1
0 9 R 2 1
88 34 R 2 1
68 98 C 2 2
56 85 S 3 1
81 39 F 1 3
88 87 S 3 1
27 58 F 1 3
43 16 E 1 1
26 41 G 5 1
90 63 E 1 1
60 93 E 1 1
59 56 H 2 2
26 74 C 2 2
45 62 H 2 2
53 43 R 2 1
64 10 G 5 1
2 91 S 3 1
36 20 R 2 1
33 72 G 5 1
41 7 E 1 1
22 9 G 5 1
51 9 E 1 2
26 87 R 2 1
87 46 E 1 1
67 61 E 1 1
42 64 F 1 3
79 17 R 2 1
16 69 S 3 1
77 49 G 5 1
59 15 E 1 1
41 27 E 1 1
33 38 G 5 1
56 6 E 1 2
64 46 S 3 1
12 76 E 1 1
51 28 E 1 1
66 44 S 3 1
88 83 R 2 1
11 26 E 1 1
28 5 E 1 1
92 25 R 2 1
7 57 C 2 2
37 73 R 2 1
32 79 R 2 1
2 76 E 1 1
45 47 E 1 2
61 31 R 2 1
18 10 R 2 1
72 81 G 5 1
12 87 C 2 2
35 91 E 1 1
69 1 E 1 1
73 8 C 2 2
60 86 E 1 1
19 75 H 2 2
58 50 C 2 2
30 11 E 1 1
72 5 E 1 2
50 15 R 2 1
73 54 R 2 1
38 39 H 2 2
29 6 C 2 2
3 38 E 1 1
60 35 E 1 1
8 34 F 1 3
31 91 R 2 1
65 84 S 3 1
78 26 R 2 1
28 53 E 1 2
36 71 S 3 1
93 97 E 1 2
16 72 E 1 1
97 86 C 2 2
59 47 E 1 1
56 17 G 5 1
23 48 S 3 1
87 50 R 2 1
80 88 H 2 2
87 67 R 2 1
45 43 E 1 2
15 86 R 2 1
57 51 F 1 3
47 76 S 3 1
47 91 C 2 2
87 62 S 3 1
59 35 F 1 3
53 8 R 2 1
62 38 H 2 2
28 76 E 1 1
98 67 E 1 2
6 74 R 2 1
28 10 R 2 1
57 93 E 1 1
16 75 E 1 1
87 80 H 2 2
11 46 E 1 1
67 94 R 2 1
15 60 F 1 3
1 78 H 2 2
84 80 E 1 2
73 59 R 2 1
34 29 C 2 2
9 53 R 2 1
46 4 C 2 2
45 65 E 1 2
18 31 F 1 3
8 83 G 5 1
13 38 R 2 1
2 12 E 1 2
37 59 R 2 1
10 15 G 5 1
10 87 R 2 1
12 20 G 5 1
35 5 E 1 1
29 33 F 1 3
38 37 R 2 1
41 49 R 2 1
49 75 R 2 1
65 88 R 2 1
57 16 S 3 1
32 16 R 2 1
20 30 H 2 2
75 15 H 2 2
29 12 R 2 1
50 97 G 5 1
33 20 E 1 2
84 58 E 1 2
87 54 H 2 2
31 14 R 2 1
18 56 R 2 1
47 32 R 2 1
2 96 E 1 2
22 55 E 1 2
3 95 F 1 3
19 62 R 2 1
74 5 E 1 1
96 67 E 1 2
2 46 E 1 2
69 46 R 2 1
46 30 R 2 1
76 96 S 3 1
3 66 H 2 2
64 11 S 3 1
70 92 F 1 3
23 90 S 3 1
54 59 E 1 1
76 70 S 3 1
6 88 S 3 1
26 1 R 2 1
22 14 G 5 1
63 45 E 1 2
5 14 S 3 1
7 70 R 2 1
30 79 E 1 1
75 47 E 1 2
20 3 E 1 2
60 66 H 2 2
80 80 R 2 1
1 93 E 1 2
67 19 R 2 1
14 87 S 3 1
74 39 E 1 1
66 85 R 2 1
73 72 S 3 1
16 19 R 2 1
19 39 F 1 3
3 37 S 3 1
16 12 R 2 1
67 95 H 2 2
15 74 F 1 3
81 68 R 2 1
21 73 E 1 2
23 26 H 2 2
34 55 C 2 2
9 57 H 2 2
15 44 R 2 1
95 38 F 1 3
66 97 C 2 2
17 53 R 2 1
56 50 F 1 3
3 75 H 2 2
38 49 E 1 2
74 0 C 2 2
10 30 G 5 1
48 57 R 2 1
92 90 R 2 1
35 18 R 2 1
1 81 G 5 1
68 24 H 2 2
90 25 R 2 1
77 48 R 2 1
32 93 R 2 1
42 29 E 1 1
64 30 R 2 1
12 66 E 1 2
10 98 S 3 1
57 36 R 2 1
18 82 E 1 1
30 82 G 5 1
11 27 E 1 2
13 2 C 2 2
21 65 S 3 1
68 12 E 1 1
63 36 E 1 2
45 94 E 1 2
70 73 F 1 3
44 42 F 1 3
24 8 G 5 1
66 87 S 3 1
51 71 G 5 1
21 53 E 1 1
30 16 R 2 1
80 51 H 2 2
53 54 E 1 1
21 89 S 3 1
40 98 E 1 1
76 6 R 2 1
44 2 F 1 3
86 63 E 1 2
95 92 H 2 2
64 31 G 5 1
13 16 E 1 2
78 45 E 1 1
4 11 G 5 1
40 90 E 1 1
95 22 S 3 1
86 25 S 3 1
70 19 G 5 1
13 57 E 1 2
5 44 F 1 3
45 41 E 1 1
64 98 E 1 2
28 68 S 3 1
47 1 E 1 2
77 21 R 2 1
85 49 R 2 1
55 0 C 2 2
48 87 C 2 2
27 43 E 1 1
54 65 S 3 1
82 97 R 2 1
51 65 R 2 1
20 15 F 1 3
59 94 C 2 2
58 97 E 1 1
51 80 E 1 2
39 12 H 2 2
91 11 C 2 2
50 8 R 2 1
51 95 H 2 2
30 67 R 2 1
59 41 E 1 2
86 10 R 2 1
9 40 C 2 2
5 55 G 5 1
36 86 R 2 1
1 29 E 1 2
71 73 F 1 3
84 79 G 5 1
76 30 E 1 2
41 98 E 1 2
47 23 R 2 1
46 6 E 1 1
49 3 C 2 2
37 89 E 1 1
